# JSSP aleatorio 10x10, semente 2026
10 10
0 97 6 99 2 76 3 57 8 31 4 1 7 79 9 11 5 15 1 37
4 33 9 45 8 46 2 49 3 96 5 66 6 82 0 10 7 93 1 44
5 47 7 60 0 55 6 12 9 52 3 75 2 71 4 64 8 15 1 55
1 74 0 29 5 99 9 17 3 7 2 91 4 67 6 86 7 14 8 92
5 87 4 61 2 92 0 70 8 33 3 72 1 52 7 86 6 40 9 71
5 20 9 84 0 77 4 59 2 67 1 63 3 47 6 26 7 34 8 89
5 59 2 13 1 57 0 89 4 92 3 66 6 34 8 58 9 24 7 55
9 19 6 58 5 2 8 12 0 1 2 58 3 75 4 70 1 11 7 79
5 20 7 1 8 41 2 86 6 75 0 74 4 99 1 63 9 89 3 93
6 86 5 21 0 18 9 76 1 40 4 65 7 53 3 50 8 20 2 67
